clear;
clc;
%各关节质量
m = [1.62106, 0.9753, 2.44157, 0.76625, 0.45733, 0.55557];
a2  =  0.390;
a3  = -0.0785;
d2  =  0.0227;
d4  =  0.27505;
e   =  1e-9;
%机器人工具箱建立机器人模型
%          thetai       di      ai-1     alphai-1
L1 = Link([0            0       0         0     ],'modified');
L2 = Link([0            d2      0         pi/2  ],'modified');
L3 = Link([0            0       a2        0     ],'modified');L3.offset = pi/2;
L4 = Link([0            d4      a3        pi/2  ],'modified');
L5 = Link([0            0       0        -pi/2  ],'modified');
L6 = Link([0            0       0         pi/2  ],'modified');

L1.Jm = 0; L2.Jm = 0; L3.Jm = 0; L4.Jm = 0; L5.Jm = 0; L6.Jm = 0;
L1.m = m(1); L2.m = m(2); L3.m = m(3);
L4.m = m(4); L5.m = m(5); L6.m = m(6);
% L1.r = 
L1.I = [3851115.32 48716.4 23697.02; 48716.4 4514902.84 -65688.79; 23697.02 -65688.79 2352842.69] * e;
L2.I = [783522.26 -328.72 -203486.02; -328.72 23937546.86 -41.73; -203486.02 -41.73 24004699.35] * e;
L3.I = [10047985.38 3517941.27 1648446.23; 3517941.27 11295497.25 1882049.72; 1648446.23 1882049.72 11478405.51] * e;
L4.I = [1633171.41 -9408.46 311.33; -9408.46 1554994.96 39837.17; 311.33 39837.17 798585.34] * e;
L5.I = [412978.93 16348.19 -614.6; 16348.19 229625.28 -5848.72; -614.6 -5848.72 389801.96] * e;
L6.I = [858165.56 -13104.78 20.93; -13104.78 600938.51 -1484.55; 20.93 -1484.55 502263.56] * e;
% 质心位置1000
p10 = [0.00075; 0.00362; 0.08834];
p21 = [0.18728; -0.00001; -0.05947];
p32 = [-0.01792; -0.00668; 0.00728];
p43 = [0.00044; 0.00614; 0.05728];
p54 = [-0.00104; -0.02705; -0.00226];
p65 = [0.00001; 0.0; 0.04709];
L1.r = p10; L2.r = p21; L3.r = p32;
L4.r = p43; L5.r = p54; L6.r = p65;
 
robot = SerialLink([L1, L2, L3, L4, L5, L6]); 
robot.name='My_Robot';
theta = [50.2,40.5,112.17,40.12,56.21,70.7]*pi/180;
qd = [0 1 0 1 0 0]; qdd = [0 0 0 1 0 0];
tau_N = NewtonEuler(theta*180/pi, qd', qdd', m, a2, a3, d2, d4);
tau = robot.rne(theta, qd, qdd, [0 0 9.8]);
[tau_N;tau]

robot.teach;